city: 2.2285328
wikipedia: 1.799784
hex: 2.1871238
lastname: 2.032699
japanese: 2.0122712
yago: 1.649601
location: 2.7065957
wiki: 1.6574185
firstname: 2.106321
faust: 1.8418564
l_comment: 3.134069
urls: 2.5903976
urls2: 2.0822663
ps_comment: 3.5652606
movies: 1.6869043
street: 2.5021734
chinese: 1.6658018
hamlet: 2.513418
genome: 4.276845
uuid: 2.405545
email: 2.1690907
c_name: 4.7466183
credentials: 2.3703902
