city: 1.9901118
wikipedia: 1.8058122
hex: 1.8569365
lastname: 1.8404638
japanese: 2.0152478
yago: 1.5712289
location: 2.934154
wiki: 1.5780678
firstname: 1.868822
faust: 1.7948375
l_comment: 2.7973533
urls: 2.352021
urls2: 2.0001411
ps_comment: 3.4545417
movies: 1.6229227
street: 2.2774553
chinese: 1.6502897
hamlet: 2.460999
genome: 3.114867
uuid: 2.4709265
email: 2.0711055
c_name: 5.420487
credentials: 2.1180937
