city: 1.9895793
wikipedia: 1.8058122
hex: 1.855918
lastname: 1.8404638
japanese: 2.0152478
yago: 1.5712289
location: 2.9338813
wiki: 1.5780678
firstname: 1.8698603
faust: 1.7950379
l_comment: 2.7973533
urls: 2.352021
urls2: 2.0001411
ps_comment: 3.4545417
movies: 1.6229227
street: 2.2663221
chinese: 1.6502897
hamlet: 2.4624507
genome: 3.0970109
uuid: 2.3881214
email: 2.0711055
c_name: 5.420719
credentials: 2.1271183
